22.26056920792091
17.206972511655188
17.386066528085202
18.051819694579176
19.086164114403292
21.11325706507337
22.96436908456204
22.822673076151577
20.18405266269209
14.378136788329119
25.663883201867826
15.617667727884175
15.313907680964991
17.80531622162039
19.2950520445678
22.34265053949201
20.832604890928483
24.87784366308346
21.590760287957732
12.831431252385732
19.32244313104058
11.649882355638786
16.35387177639521
14.376360944917689
20.009859627751727
23.4780684978331
19.558739002165375
24.74595324602289
21.085480223002968
14.639856334082952
12.598012807431205
14.582757146332218
19.101818053897684
14.604322721096642
14.716648976871896
26.57585766281058
17.115491608060474
17.489708832743634
18.04378973783737
24.1685819546422
11.33725012769603
16.974386815027792
15.402733303881192
16.507746309604187
14.808190582731763
18.152283013192545
22.892277399076665
17.385058310998193
14.102390303331806
18.071170869740964
19.922745429499045
13.943571787842012
13.398538388388346
14.8683008847152
22.86661264246827
22.342874125040595
16.693614876757298
21.08520983431876
17.19867684838932
14.530746638264079
15.121282300442033
16.20020059583564
16.498333048033423
13.252599354294375
20.453631453421767
23.616672212926968
22.37705428596983
17.585082909907328
17.38757230683562
24.388675852733773
17.49692601395197
16.749728343495605
19.834033070842874
14.90596502633138
13.922316985765288
16.18967130301177
18.126174907560173
19.866586647834907
13.63829002915038
17.74928063122276
17.014712216653667
17.990032950342215
20.45780131637866
14.513474495722694
18.597535816750664
15.836416121258209
18.418482540392432
19.528768148854514
15.546654834532445
19.14694707077025
21.50700125025752
16.667367291781723
20.879027662018366
16.783113854527038
20.958074928194666
22.01611804985889
17.817597548349426
21.751487669282895
13.10299563284154
15.196178724393363
16.327478014845425
17.95810108927321
23.562339613804518
14.766623861433263
18.685184630111753
22.022589402117806
18.059543163959972
20.34959023766563
15.86354031731355
19.79283418790017
17.911000244970747
15.971737523276483
16.18725520711202
14.567116317324642
18.006093661275248
18.998674892235638
17.702795394649172
11.594669861666409
17.4982631288973
19.4625210661398
20.702494430138557
15.254469408901013
14.464152911118228
11.77426069128011
18.501796510008884
21.14282849845838
12.548661924405945
17.07523077778736
16.90709871406036
20.89265435328543
16.048760718101477
19.152860822306433
18.280233236005788
19.48931485371839
16.9363062222582
16.538406958137507
16.618101934708964
10.715927897687598
20.769867962757843
14.125312586580815
19.990918301022376
21.38812023134044
17.30101156268092
19.125469433806355
18.211434973190908
18.886717343389343
16.932927356274426
15.876772866309839
17.242934598034992
20.97048247467992
16.329655049966956
13.330106126696446
21.571945934604084
20.935706027826974
18.045125967043628
18.493346633977534
18.403192308664632
21.523032684680597
16.417320260240043
12.209963539526683
17.367412065507136
19.14533458881094
11.87455688237155
20.799813904239095
14.626380517736242
21.873914656821963
21.712080154477807
16.174293744906105
19.64222040364056
19.58340851693436
18.666459140894613
16.572842689790185
16.10941001361433
16.438159362036863
20.87984996967825
18.313282581136118
15.56704882575883
19.220749054013805
16.374406774791126
21.103685940190235
17.201722288801083
19.573752867988592
18.283090596612176
19.79346119406349
15.500600257158535
18.256399049590968
19.006936828795432
13.019903349746022
17.990066110720534
15.978819941694963
21.973341850231748
16.725379897247198
17.791208749695627
15.408306715196415
20.485288905339047
12.863835351088678
20.1270186980906
17.494419349416837
12.275273646161919
18.979315199085065
18.768754894253924
9.976835542006944
28.878856286694756
22.125371546360583
21.94496920410639
17.647105036699518
17.70321846890906
17.537215852299063
22.534171881154723
15.05928579505998
23.401835915782296
23.64566686659703
21.192405974005887
14.74720093963812
23.373235298160175
22.068253066549303
17.92151287127498
16.831488302479304
23.1690768618091
20.550837195047045
28.839905336888503
24.199580191364856
26.24830453264172
26.513269752684657
23.200004382183174
24.322165637544373
24.371142445937497
15.019759509288562
23.566486172795656
18.581484137008893
18.544063567992
18.541438439779874
19.170379571831337
24.232590770857716
16.73794371054078
24.13121612873472
29.233823576335766
26.390746650473165
18.686564470962402
26.017718892605373
25.187525823774756
20.777240330332077
25.789127647407437
24.88876188177785
26.595213716025743
19.91844187831456
26.61117177649527
22.163751197522384
23.624196889104415
20.126013691041937
24.115663725685934
18.01338792362682
26.34175063628064
22.73883138378095
27.863183912941974
20.987854770313565
26.229639766765
18.20171033182951
25.711961417589624
20.815885344521085
23.716326186172168
15.344275968108127
14.271110315953091
19.42144567505923
15.754247425591846
17.950263145062177
24.987408245042637
25.244374602879986
24.7989755868001
25.47760058610413
20.123736707649414
16.99698158542279
22.311369112661993
22.73298946711088
14.972337666008
22.815215476010174
25.5236854428759
21.688807812032184
27.625891839558058
23.076582981619598
24.43666542628986
8.370114473797603
21.48921208637257
23.4781393323129
23.358809768754984
15.860047567329184
26.916274001901556
24.88993872891649
27.226500742643967
24.255893825800293
23.056195986041132
18.618277459763107
23.92542986271602
26.243270252004965
21.723622717714694
27.226024752189527
22.630020051241058
16.81789945730256
25.076719248176566
25.35414531894961
20.09362773932129
21.791044645462794
26.435987315293254
22.055862875938363
23.676833522961232
24.79802253005918
26.40858947159561
24.273661398820824
26.007358928883914
23.288854105311348
23.191528030736727
16.65419067167419
25.192504770321165
25.05459647303148
22.81627686606617
25.032886393638247
22.764672080646783
24.435297521137812
14.454646386004622
23.35304957611797
19.675847092129494
21.374720472123826
12.604180180699293
24.79959298401702
24.211343052116895
20.01696524082491
28.35649181010977
21.50152237080505
15.17249953521475
25.963427528716345
20.173034200515453
14.281180393063243
23.82243391608849
24.260534134985125
22.561039236288014
28.948743330234663
21.94897245924392
10.226861191002541
25.107004133052698
13.337373795496104
19.675702851211856
21.55152828187824
16.023546756071802
24.53177173271298
24.24432837898729
22.3397978644846
26.11803861520132
22.8796363406918
13.730576157539698
25.905893265520415
21.425419171851164
25.55534698820795
16.26836739398784
15.215512182000888
22.228502744824816
13.357590168724649
24.262432848061874
27.76348917174584
22.374398529439052
29.759901771124404
21.844042394787046
15.061434327122067
25.89187758221659
24.19105153931587
23.940524531371775
17.58171606412481
19.19710522917928
20.73592311994909
14.727800864311906
21.388936334897313
29.35507625721966
26.934373927927364
30.1336765596252
17.841089442161724
21.301622186738047
21.032100768684618
22.268584554603695
18.275782901117378
20.35745550845001
13.923283535316562
23.10791574043946
21.96090594694292
28.2176949231889
29.67186510238756
18.40249987270551
21.731692928330144
18.856323031283182
13.651829001945064
14.45360642817369
25.937629799514905
19.015152517799706
18.82314680039332
16.07832750895095
19.663123019207127
27.658696199813694
19.712159039231008
20.37449535157369
15.548140823043914
20.40919528128456
18.35115888993185
28.468827314681505
21.829307419269547
22.679713054887486
23.146448313978528
17.18459655039353
16.56478805302161
22.005668459468474
28.611127427294278
22.8624406819762
22.89979718094204
13.395248649309693
17.793749797933394
13.803201969290269
20.719439785121608
16.66974043204846
15.070261012830686
17.646497789519152
20.668637023687566
18.897240934355562
20.086378085687812
18.417978715768587
18.188303267168887
21.653881570366327
21.28360631075807
19.57397041229552
18.232646261186442
21.602521945149782
29.951898393160608
23.56798513625915
27.899369674955246
26.070012215306118
27.058684964191624
17.738874529162317
18.677404967714832
25.513455537836595
15.958710556380264
16.43391754688068
18.056005726711945
17.834135391754586
15.014410669845693
18.38475889749977
18.21467374760617
22.417428362388016
19.452905392735875
20.198951988283408
20.702608663517854
19.937105620844306
18.436832787112547
19.68819447380678
12.535570033082541
20.39460704918662
16.259292906818338
19.594545972747305
16.44011181583654
18.105135474731888
19.58766216509951
21.979286259663173
28.426912620214516
31.50370816183995
27.266248420921286
31.515767524350682
30.65771681414419
30.06619291901224
26.549853718241764
16.405905457851514
21.72653592616255
24.621008663718165
21.346091749561303
23.924767979659155
21.038346516145257
17.744917943725504
12.226123362622678
19.82793545856605
13.043564998912915
15.459225700083353
15.920791553061155
13.894730607136776
16.96697811698583
21.28851836112935
20.29513615365487
17.390449008011576
20.541543210391364
17.350421584859966
19.73189873800583
26.54225109124364
30.821177741684025
24.67853896131564
28.849935366862898
28.55703281094393
21.854542285948515
23.968545620100773
15.69942680164845
19.73237748358751
18.97069169230009
18.451021758156298
19.640917713416215
19.327140718676212
24.758279101992247
23.133430593586628
23.046299810346184
13.755140986026117
25.135582411332212
14.64611829563935
17.912417865875135
15.569394199336388
11.449273055524909
19.44868554648433
17.693029089998703
14.974240321440925
16.328153370716763
20.438065387484233
21.467710298555502
19.95602900708461
23.80423065646603
28.632453136682674
29.062962447477943
28.88570834434085
25.964071455265554
28.718829443023935
24.183643606241578
23.613892196483196
18.927648210816198
18.759219806199667
19.791504565370754
16.21391564171326
18.33452462434228
19.113338768793085
11.212559889359847
18.177428543755926
13.711156116861062
12.017286146688251
17.46704851924531
20.810662685329845
18.66713237229369
12.13585416319911
17.005891378924744
20.282962466989236
18.758811490906925
23.198991590422686
25.428548687420626
28.229232219850513
29.434940455800312
22.29880944089382
26.920633071851427
20.267993038359567
19.229218800093825
25.214693730273066
20.339274318572542
18.73193965328173
21.41174761964985
14.617582263359942
22.638598913161097
22.8480488795724
18.18112409664121
14.791977505585992
18.235657252627227
16.405265154738217
22.965973587099565
20.208144472085717
20.998965154497668
20.67421594705669
23.177807411776655
28.958488091879207
30.80179914732541
24.066582329360834
28.66935791982275
25.046013890526783
26.504326732125342
26.30099089274665
23.10769681285222
13.730637476825358
25.886085569059887
13.102641590872038
26.05164755818764
21.529581408578334
18.804765883312694
17.103278352092392
16.645322512706827
23.57432489299562
22.18338159947499
14.610544686551826
20.491284196600436
19.01192411895822
20.093776645221077
20.05629114336737
17.630445301804784
22.087703532654828
16.62701215462555
20.119367329478468
25.53346452436451
25.895304748788877
17.917235192904165
17.510326707077397
21.196688463303534
18.947530259224713
26.901274213858493
24.335473224891796
20.28948493802578
21.633523072789746
23.826609258628533
19.099336800341046
23.97061316472397
22.640429290169237
15.909123727077851
14.031981894259808
22.552982896400543
20.506461794011624
19.185670886991755
19.35400007498354
19.249865795379623
19.383970153902684
12.784965567494213
19.45780341623287
21.861719007627297
21.156193823518723
16.791670089217803
16.264955603728822
20.3763075188616
10.67482809291215
19.129130340735387
17.30310047031457
15.604576743193942
21.07568013525552
15.291521257348615
16.68064996234542
18.77708161027166
22.569172494600775
19.63047624769587
18.930015799983387
21.402303714008987
12.77981564571016
21.58898228403085
19.966523290410972
19.011796898382922
21.29477552441347
22.21816100570955
25.344689496485508
19.59670817459712
20.295452879764035
20.594184488060463
25.643446238594684
20.583239803686222
22.301885716893732
21.086026638415508
23.24313745976479
22.94738021677112
15.655344219776323
21.26201928255339
12.282389574510523
17.636543647343835
16.58082433716213
18.76056492739193
18.453271131071915
20.72685095486962
17.459751296222827
21.025521482105898
20.431246811231908
16.182348985539754
15.342239007143881
19.857337062175972
22.402019522731454
21.01548158974153
19.117030017749563
18.258967185358856
17.422392435393814
23.698889785121143
24.59561121596092
21.741224672319113
23.29552971049553
19.301423583078698
18.993495163246223
19.850406063650748
24.61180590751637
19.343564454366415
22.13757870192891
22.985285185514996
22.31390241875242
18.459921508091576
24.071177983416877
23.902881471469634
23.76602504784678
17.390301908740383
17.942101897129046
20.521077583231104
24.799108307593
18.064691700303264
20.60740450423147
19.151636435225313
19.71823789917115
27.279273112786363
20.254596624401334
24.79777451698615
18.8077287826596
17.510263844538375
22.508069141895515
23.171435448982532
16.383536242388022
18.04300618372904
19.66882129279284
22.511422889525537
23.624853748175028
14.75656189267074
20.807076831211972
18.832434005672177
18.801210952243828
26.779035333932626
19.090781475826304
23.620579134620087
22.105581539025977
20.67662245225531
20.243787975309836
19.60817001652641
17.39150070479496
18.86006049184153
15.393098010945062
21.2384348103889
18.335737874613173
16.410266990718526
17.77546920402193
20.364163848416954
17.202124667405133
26.80972116564887
21.069908748148308
25.11862133517087
19.2218827402221
22.50442587464705
20.334004781980504
27.25312369216175
25.556971126372645
24.27261587839104
22.25154833613879
26.30959893978711
16.19960725921201
20.388426229611202
22.99881207786955
20.186669057379635
21.127814087340973
23.790129541321107
20.122213640217897
21.608164367031502
21.485433481650386
22.721887453429357
22.259689831925606
17.65701441467275
19.361319023777334
23.372026995455247
16.560366985879828
22.997847184647128
21.463475274429392
19.440239149211084
20.92025502614272
21.946328888494993
17.6913350446156
18.663323649407413
22.121047288286807
21.175406305432507
21.751830453722278
21.398397421554325
15.111788154087062
21.41591657069201
16.56373525950545
19.48718982911962
21.809001337963977
16.330658853918127
30.01589929960338
22.74953406917716
21.35776295051223
18.542078906415846
20.497967594080066
20.779905617297196
17.764242230560065
18.16670330071224
19.302128068284905
23.234913091338232
12.091587332611532
21.40295433638417
21.452122650503387
19.562146463873166
26.53793844488642
20.573446851123347
19.230594042244608
16.08771831524013
20.83971457852051
20.86625875712895
13.888599168103436
18.830646843158366
21.142858307450524
21.985787161704135
11.283517736332467
17.545671899669845
21.68535798896311
17.975044095644424
23.947785111940195
19.774280288823057
15.6181553087092
14.044117133415504
12.919773641187017
22.771853107337318
17.539224622515427
22.135766966335243
18.099484686777156
24.425507988134598
12.321428892993639
21.568076400168742
26.870332142518293
21.51036635956198
30.800022214520972
24.271779404630596
20.602960466874663
18.448230313004224
21.5517893318264
24.60736803242407
15.985972183715553
21.50101744468072
19.93738962870011
23.2489781182217
15.188435768726695
14.806715923558164
21.29402929109037
17.166656136885983
25.639867805142288
21.2163132986257
20.12794861921528
14.614908824465045
17.20606221391081
23.759257633726484
23.760803001821238
21.869401804356368
18.50542490036562
20.735105807903853
24.892816782197148
19.61589337896699
25.657965060681267
24.51869816146019
19.58104449490639
18.248425910240137
20.99591039971346
22.356024869557647
17.398163315307503
17.620456883010874
18.910798097413473
23.00522752441994
24.12465520306618
24.816125710396307
26.725745455545
21.961330974389146
23.21092780735829
25.542736451833253
18.359765687570963
23.703413147809165
23.08626635778221
20.75586624678042
21.933643664954676
30.044699685348636
22.289328805033712
25.799430562394996
20.947398245340032
23.289168584733012
25.113975780377054
25.414598631152984
23.91041688960965
24.68362067284211
18.875254069711406
26.27002627448074
22.516074959009874
18.315858064322725
19.87225180055345
19.19039947271519
17.26060852145768
25.22702649064187
27.74982867249932
22.857442352128036
25.62422171132584
17.75972056940288
22.889407635895996
28.99654887060821
