14.140037336878462
17.008974642081206
8.57118105587074
8.572216394930473
7.502154850176269
15.811916507490853
10.433241252447338
21.970380749013117
13.577581211595206
13.250870373112145
13.76446240785464
15.036710085534231
10.332888114039063
15.66154792544175
16.230643553011607
16.579880905823938
14.189353423843498
13.63700313186476
16.232996430468546
16.12679978566602
12.39946802182714
12.514410621526274
11.563277782420647
13.203965824227025
18.57199562113525
12.42958785500524
13.421297761247766
13.371886579470848
15.119013908785028
16.21950406465448
13.02547472204367
18.55147650615352
12.475437084363904
17.094255941535103
17.37467597039914
14.909014079152914
15.721022612148614
11.509388805548282
14.653126176509529
17.26349977160386
13.743441492399626
17.495750314318418
13.94555262420198
10.972649887738392
17.162489690563152
21.0273055106692
9.197278604174084
15.96104943264307
20.33313786938226
18.432753657198063
24.998488554689924
23.221479596010553
15.779245124691707
22.517606227562844
23.78014907790976
17.86023158110373
11.994322826362032
14.771903178078922
23.482128866831133
20.03766903357305
13.510407219389757
8.789220978305012
15.203134143730995
16.46818561807912
16.870145363216675
19.843932669309456
12.341679832560116
11.462128355402958
14.945862904443427
12.972771293871453
13.689736327639222
15.149821181513792
14.445279227134751
13.873577959949104
16.549050451707057
18.39965273780837
14.0602235541622
18.114130585650017
17.021061098908206
9.65576112761921
14.464941959105872
16.625170017781006
16.039351840089452
13.896427507810143
16.26742869378051
15.04991228550717
23.444172167263734
14.631708460207346
10.214224364419415
16.42740283625778
13.013173662624093
10.321400261377157
17.830524246049876
9.8063731313811
15.545390453817268
16.359312061220514
14.505408653460954
15.514289340870867
12.784427502446288
11.42484635313996
10.812927336483089
10.760205421214255
11.613800810371472
18.1469266676895
12.250719647417368
11.054257518783693
12.840425431305041
11.902061804617409
11.034567769504298
10.986747776138193
11.947481948367715
14.899491662386406
14.979832706848034
16.26085945574256
14.327271458769813
14.26013303631998
17.42154368386578
12.96394630424475
18.69298494726011
16.747021666616323
15.572725584175018
15.111691062166413
14.51792001650624
16.948873493942322
18.116434372508493
16.816523469475992
17.663266697163653
