0 0.6306818181818182 0.2556818181818182 0.06060606060606061 0.21401515151515152
0 0.9076704545454546 0.18323863636363635 0.04450757575757576 0.14299242424242425
0 0.036931818181818184 0.20833333333333334 0.054924242424242424 0.1856060606060606
0 0.6122159090909091 0.1534090909090909 0.035037878787878785 0.12310606060606061
0 0.931344696969697 0.17045454545454544 0.04071969696969697 0.13068181818181818
0 0.48863636363636365 0.2040719696969697 0.045454545454545456 0.17140151515151514
0 0.728219696969697 0.18181818181818182 0.041666666666666664 0.14583333333333334
0 0.5232007575757576 0.24289772727272727 0.05587121212121212 0.20549242424242425
0 0.49573863636363635 0.1534090909090909 0.03314393939393939 0.1268939393939394
0 0.49763257575757575 0.2002840909090909 0.04450757575757576 0.16761363636363635
0 0.8025568181818182 0.171875 0.04071969696969697 0.13541666666666666
0 0.9834280303030303 0.19223484848484848 0.03314393939393939 0.14962121212121213
0 0.48484848484848486 0.4824810606060606 0.11363636363636363 0.41382575757575757
0 0.7239583333333334 0.15388257575757575 0.035037878787878785 0.12215909090909091
0 0.8068181818181818 0.17897727272727273 0.041666666666666664 0.14204545454545456
0 0.5255681818181818 0.5383522727272727 0.12878787878787878 0.46117424242424243
0 0.3177083333333333 0.17518939393939395 0.036931818181818184 0.14962121212121213
0 0.5085227272727273 0.14772727272727273 0.032196969696969696 0.12121212121212122
0 0.8229166666666666 0.17708333333333334 0.041666666666666664 0.14015151515151514
0 0.09138257575757576 0.19886363636363635 0.050189393939393936 0.17613636363636365
0 0.8423295454545454 0.19933712121212122 0.048295454545454544 0.1581439393939394
0 0.8626893939393939 0.18229166666666666 0.043560606060606064 0.14299242424242425
0 0.3626893939393939 0.5946969696969697 0.13636363636363635 0.5132575757575758
