0 0.8181818181818182 0.18323863636363635 0.043560606060606064 0.14488636363636365
0 0.8683712121212122 0.18134469696969696 0.043560606060606064 0.14299242424242425
0 0.036931818181818184 0.20833333333333334 0.054924242424242424 0.1856060606060606
0 0.6122159090909091 0.1534090909090909 0.035037878787878785 0.12310606060606061
0 0.48863636363636365 0.2040719696969697 0.045454545454545456 0.17140151515151514
0 0.09327651515151515 0.19886363636363635 0.050189393939393936 0.17613636363636365
0 0.8248106060606061 0.16950757575757575 0.03977272727272727 0.13257575757575757
0 0.4971590909090909 0.1534090909090909 0.03409090909090909 0.1268939393939394
0 0.9214015151515151 0.17140151515151514 0.041666666666666664 0.13257575757575757
0 0.506155303030303 0.5771780303030303 0.13731060606060605 0.4952651515151515
0 0.3196022727272727 0.17518939393939395 0.036931818181818184 0.14962121212121213
0 0.6628787878787878 0.5241477272727273 0.13068181818181818 0.4460227272727273
0 0.5776515151515151 0.23484848484848486 0.054924242424242424 0.19696969696969696
0 0.6803977272727273 0.24573863636363635 0.05776515151515151 0.20359848484848486
0 0.7362689393939394 0.15956439393939395 0.036931818181818184 0.1259469696969697
0 0.7613636363636364 0.17660984848484848 0.041666666666666664 0.14109848484848486
0 0.5018939393939394 0.2002840909090909 0.045454545454545456 0.16761363636363635
0 0.631155303030303 0.4668560606060606 0.11458333333333333 0.3977272727272727
0 0.9228219696969697 0.18513257575757575 0.04450757575757576 0.14488636363636365
0 0.9053030303030303 0.20785984848484848 0.05113636363636364 0.16571969696969696
0 0.7509469696969697 0.18371212121212122 0.043560606060606064 0.14772727272727273
0 0.509469696969697 0.14772727272727273 0.032196969696969696 0.12121212121212122
