0 0.8035037878787878 0.13920454545454544 0.03125 0.10606060606060606
0 0.7490530303030303 0.13683712121212122 0.030303030303030304 0.10511363636363637
0 0.9711174242424242 0.1553030303030303 0.036931818181818184 0.11742424242424243
0 0.49763257575757575 0.24384469696969696 0.05587121212121212 0.20549242424242425
0 0.5331439393939394 0.30823863636363635 0.07196969696969698 0.2623106060606061
0 0.7897727272727273 0.5132575757575758 0.13257575757575757 0.4337121212121212
0 0.8470643939393939 0.1396780303030303 0.03125 0.10511363636363637
0 0.8413825757575758 0.25615530303030304 0.0634469696969697 0.20928030303030304
0 0.9427083333333334 0.16429924242424243 0.038825757575757576 0.1259469696969697
0 0.9214015151515151 0.1387310606060606 0.032196969696969696 0.10321969696969698
0 0.5980113636363636 0.13399621212121213 0.029356060606060608 0.10700757575757576
0 0.4199810606060606 0.2864583333333333 0.0634469696969697 0.24526515151515152
0 0.5269886363636364 0.2821969696969697 0.06534090909090909 0.23863636363636365
0 0.9701704545454546 0.28740530303030304 0.05965909090909091 0.23390151515151514
0 0.29640151515151514 0.3020833333333333 0.06628787878787878 0.26136363636363635
0 0.6922348484848485 0.31202651515151514 0.07575757575757576 0.2623106060606061
