0 0.9573863636363636 0.15198863636363635 0.03598484848484849 0.11458333333333333
0 0.4199810606060606 0.2864583333333333 0.0634469696969697 0.24526515151515152
0 0.9142992424242424 0.1377840909090909 0.03125 0.10321969696969698
0 0.32575757575757575 0.31107954545454547 0.06818181818181818 0.26988636363636365
0 0.49763257575757575 0.24384469696969696 0.05587121212121212 0.20549242424242425
0 0.8096590909090909 0.13683712121212122 0.030303030303030304 0.10321969696969698
0 0.7547348484848485 0.13541666666666666 0.030303030303030304 0.10416666666666667
0 0.8631628787878788 0.1377840909090909 0.03125 0.10321969696969698
0 0.9895833333333334 0.15246212121212122 0.020833333333333332 0.11363636363636363
0 0.9247159090909091 0.16003787878787878 0.036931818181818184 0.12310606060606061
0 0.5331439393939394 0.30823863636363635 0.07196969696969698 0.2623106060606061
0 0.7040719696969697 0.5549242424242424 0.14109848484848486 0.4715909090909091
0 0.9758522727272727 0.19744318181818182 0.048295454545454544 0.1543560606060606
0 0.5269886363636364 0.2821969696969697 0.06534090909090909 0.23863636363636365
0 0.8380681818181818 0.2556818181818182 0.0625 0.20833333333333334
0 0.681344696969697 0.30634469696969696 0.07481060606060606 0.2566287878787879
0 0.9663825757575758 0.2774621212121212 0.06723484848484848 0.22537878787878787
