0 0.9853219696969697 0.16335227272727273 0.029356060606060608 0.1240530303030303
0 0.9796401515151515 0.31392045454545453 0.04071969696969697 0.2566287878787879
0 0.9427083333333334 0.1434659090909091 0.03314393939393939 0.10700757575757576
0 0.23816287878787878 0.3025568181818182 0.06912878787878787 0.26420454545454547
0 0.9256628787878788 0.4943181818181818 0.13162878787878787 0.4147727272727273
0 0.9692234848484849 0.17518939393939395 0.04261363636363636 0.13446969696969696
0 0.8413825757575758 0.25615530303030304 0.0634469696969697 0.20928030303030304
0 0.5331439393939394 0.30823863636363635 0.07196969696969698 0.2623106060606061
0 0.7869318181818182 0.1415719696969697 0.032196969696969696 0.10890151515151515
0 0.6235795454545454 0.14204545454545456 0.03125 0.11363636363636363
0 0.5232007575757576 0.2471590909090909 0.05587121212121212 0.20833333333333334
0 0.4199810606060606 0.2864583333333333 0.0634469696969697 0.24526515151515152
0 0.5269886363636364 0.2821969696969697 0.06534090909090909 0.23863636363636365
0 0.6846590909090909 0.3134469696969697 0.07575757575757576 0.26325757575757575
0 0.7192234848484849 0.1396780303030303 0.03125 0.10890151515151515
0 0.8347537878787878 0.14393939393939395 0.03314393939393939 0.10984848484848485
