0 0.9550189393939394 0.14962121212121213 0.035037878787878785 0.11174242424242424
0 0.40577651515151514 0.2803030303030303 0.0634469696969697 0.24053030303030304
0 0.8517992424242424 0.13636363636363635 0.03125 0.10227272727272728
0 0.9900568181818182 0.16808712121212122 0.019886363636363636 0.1278409090909091
0 0.78125 0.14299242424242425 0.032196969696969696 0.10984848484848485
0 0.5411931818181818 0.3058712121212121 0.07102272727272728 0.25946969696969696
0 0.8413825757575758 0.25757575757575757 0.0634469696969697 0.21022727272727273
0 0.8300189393939394 0.14583333333333334 0.03314393939393939 0.11174242424242424
0 0.6306818181818182 0.14678030303030304 0.032196969696969696 0.11742424242424243
0 0.6775568181818182 0.3096590909090909 0.07481060606060606 0.25946969696969696
0 0.9597537878787878 0.4696969696969697 0.08049242424242424 0.39204545454545453
0 0.7130681818181818 0.14109848484848486 0.032196969696969696 0.10984848484848485
0 0.5321969696969697 0.24857954545454544 0.056818181818181816 0.20928030303030304
0 0.9834280303030303 0.17992424242424243 0.03314393939393939 0.13825757575757575
0 0.5317234848484849 0.2831439393939394 0.06534090909090909 0.24053030303030304
0 0.2490530303030303 0.3035037878787879 0.06818181818181818 0.26420454545454547
