0 0.4199810606060606 0.2864583333333333 0.0634469696969697 0.24526515151515152
0 0.5004734848484849 0.24431818181818182 0.05587121212121212 0.20643939393939395
0 0.9772727272727273 0.16003787878787878 0.03787878787878788 0.12121212121212122
0 0.2774621212121212 0.3077651515151515 0.06818181818181818 0.26704545454545453
0 0.9512310606060606 0.1699810606060606 0.04071969696969697 0.12973484848484848
0 0.5331439393939394 0.30823863636363635 0.07196969696969698 0.2623106060606061
0 0.8413825757575758 0.25615530303030304 0.0634469696969697 0.20928030303030304
0 0.9365530303030303 0.140625 0.032196969696969696 0.10511363636363637
0 0.7286931818181818 0.1387310606060606 0.03125 0.10700757575757576
0 0.8456439393939394 0.5028409090909091 0.13257575757575757 0.42424242424242425
0 0.8399621212121212 0.1415719696969697 0.032196969696969696 0.10700757575757576
0 0.6126893939393939 0.1387310606060606 0.030303030303030304 0.11079545454545454
0 0.5269886363636364 0.2821969696969697 0.06534090909090909 0.23863636363636365
0 0.6846590909090909 0.3134469696969697 0.07575757575757576 0.26325757575757575
0 0.9678030303030303 0.30113636363636365 0.06439393939393939 0.24621212121212122
0 0.7940340909090909 0.14015151515151514 0.03125 0.10795454545454546
