0 0.2978219696969697 0.32670454545454547 0.08428030303030302 0.3522727272727273
0 0.5714962121212122 0.22537878787878787 0.08428030303030302 0.2784090909090909
0 0.9043560606060606 0.31107954545454547 0.1268939393939394 0.3210227272727273
0 0.4990530303030303 0.33759469696969696 0.10227272727272728 0.35321969696969696
0 0.12973484848484848 0.3077651515151515 0.08333333333333333 0.3465909090909091
0 0.24952651515151514 0.26988636363636365 0.07291666666666667 0.3181818181818182
0 0.43797348484848486 0.28740530303030304 0.08806818181818182 0.3229166666666667
0 0.9644886363636364 0.22017045454545456 0.07102272727272728 0.2604166666666667
0 0.12878787878787878 0.14583333333333334 0.056818181818181816 0.24242424242424243
0 0.8953598484848485 0.5710227272727273 0.19791666666666666 0.4810606060606061
0 0.8366477272727273 0.2803030303030303 0.11458333333333333 0.30492424242424243
0 0.16429924242424243 0.1278409090909091 0.052083333333333336 0.22916666666666666
