0 0.5714962121212122 0.22537878787878787 0.08428030303030302 0.2784090909090909
0 0.12973484848484848 0.3077651515151515 0.08333333333333333 0.3465909090909091
0 0.9043560606060606 0.31107954545454547 0.1268939393939394 0.3210227272727273
0 0.9209280303030303 0.6638257575757576 0.1581439393939394 0.5340909090909091
0 0.052556818181818184 0.14488636363636365 0.05965909090909091 0.24431818181818182
0 0.8664772727272727 0.5752840909090909 0.19507575757575757 0.48579545454545453
0 0.09090909090909091 0.12926136363636365 0.054924242424242424 0.23200757575757575
0 0.2859848484848485 0.3309659090909091 0.08333333333333333 0.35511363636363635
0 0.24952651515151514 0.26988636363636365 0.07291666666666667 0.3181818181818182
0 0.43797348484848486 0.28740530303030304 0.08806818181818182 0.3229166666666667
0 0.9261363636363636 0.19933712121212122 0.09848484848484848 0.2490530303030303
0 0.4990530303030303 0.33759469696969696 0.10227272727272728 0.35321969696969696
0 0.8366477272727273 0.2803030303030303 0.11458333333333333 0.30492424242424243
