0 0.16619318181818182 0.5227272727272727 0.11647727272727272 0.4772727272727273
0 0.8304924242424242 0.27982954545454547 0.11363636363636363 0.3039772727272727
0 0.7291666666666666 0.1240530303030303 0.07007575757575757 0.20643939393939395
0 0.5714962121212122 0.22537878787878787 0.08428030303030302 0.2784090909090909
0 0.2859848484848485 0.3309659090909091 0.08333333333333333 0.35511363636363635
0 0.12973484848484848 0.3077651515151515 0.08333333333333333 0.3465909090909091
0 0.43797348484848486 0.28740530303030304 0.08806818181818182 0.3229166666666667
0 0.20880681818181818 0.47821969696969696 0.10700757575757576 0.44886363636363635
0 0.4990530303030303 0.33759469696969696 0.10227272727272728 0.35321969696969696
0 0.8953598484848485 0.3087121212121212 0.1259469696969697 0.32007575757575757
0 0.7362689393939394 0.1590909090909091 0.07859848484848485 0.22916666666666666
