0 0.8366477272727273 0.2803030303030303 0.11458333333333333 0.30492424242424243
0 0.5714962121212122 0.22537878787878787 0.08428030303030302 0.2784090909090909
0 0.9043560606060606 0.31107954545454547 0.1268939393939394 0.3210227272727273
0 0.7798295454545454 0.6264204545454546 0.19791666666666666 0.5179924242424242
0 0.2859848484848485 0.3309659090909091 0.08333333333333333 0.35511363636363635
0 0.12973484848484848 0.3077651515151515 0.08333333333333333 0.3465909090909091
0 0.029356060606060608 0.13068181818181818 0.058712121212121215 0.23484848484848486
0 0.43797348484848486 0.28740530303030304 0.08806818181818182 0.3229166666666667
0 0.2481060606060606 0.2684659090909091 0.07196969696969698 0.3172348484848485
0 0.9483901515151515 0.23484848484848486 0.10321969696969698 0.2708333333333333
0 0.4990530303030303 0.33759469696969696 0.10227272727272728 0.35321969696969696
0 0.8049242424242424 0.5672348484848485 0.1856060606060606 0.48295454545454547
0 0.8740530303030303 0.18229166666666666 0.09090909090909091 0.23958333333333334
