0 0.5714962121212122 0.22537878787878787 0.08428030303030302 0.2784090909090909
0 0.9015151515151515 0.3096590909090909 0.1268939393939394 0.32007575757575757
0 0.6979166666666666 0.10606060606060606 0.06439393939393939 0.19507575757575757
0 0.2859848484848485 0.3309659090909091 0.08333333333333333 0.35511363636363635
0 0.12973484848484848 0.3077651515151515 0.08333333333333333 0.3465909090909091
0 0.8304924242424242 0.27982954545454547 0.11363636363636363 0.3039772727272727
0 0.43797348484848486 0.28740530303030304 0.08806818181818182 0.3229166666666667
0 0.2481060606060606 0.2684659090909091 0.07196969696969698 0.3172348484848485
0 0.6789772727272727 0.13210227272727273 0.07007575757575757 0.21306818181818182
0 0.4990530303030303 0.33759469696969696 0.10227272727272728 0.35321969696969696
