0 0.5714962121212122 0.22537878787878787 0.08428030303030302 0.2784090909090909
0 0.7892992424242424 0.18039772727272727 0.08617424242424243 0.24147727272727273
0 0.26136363636363635 0.26799242424242425 0.07196969696969698 0.3162878787878788
0 0.2859848484848485 0.3309659090909091 0.08333333333333333 0.35511363636363635
0 0.12973484848484848 0.3077651515151515 0.08333333333333333 0.3465909090909091
0 0.34375 0.5648674242424242 0.12878787878787878 0.4971590909090909
0 0.7495265151515151 0.13636363636363635 0.07291666666666667 0.21401515151515152
0 0.8304924242424242 0.27982954545454547 0.11363636363636363 0.3039772727272727
0 0.43797348484848486 0.28740530303030304 0.08806818181818182 0.3229166666666667
0 0.39015151515151514 0.4947916666666667 0.12121212121212122 0.45359848484848486
0 0.4990530303030303 0.33759469696969696 0.10227272727272728 0.35321969696969696
0 0.8953598484848485 0.3087121212121212 0.1259469696969697 0.32007575757575757
