0 0.5714962121212122 0.22537878787878787 0.08428030303030302 0.2784090909090909
0 0.849905303030303 0.19696969696969696 0.09375 0.25
0 0.2859848484848485 0.3309659090909091 0.08333333333333333 0.35511363636363635
0 0.12973484848484848 0.3077651515151515 0.08333333333333333 0.3465909090909091
0 0.8304924242424242 0.27982954545454547 0.11363636363636363 0.3039772727272727
0 0.43797348484848486 0.28740530303030304 0.08806818181818182 0.3229166666666667
0 0.5317234848484849 0.5861742424242424 0.15625 0.5018939393939394
0 0.4990530303030303 0.33759469696969696 0.10227272727272728 0.35321969696969696
0 0.7902462121212122 0.15056818181818182 0.07859848484848485 0.2215909090909091
0 0.2547348484848485 0.2741477272727273 0.07386363636363637 0.3210227272727273
0 0.5440340909090909 0.5236742424242424 0.14488636363636365 0.4659090909090909
0 0.8953598484848485 0.3087121212121212 0.1259469696969697 0.32007575757575757
