0 0.8366477272727273 0.2803030303030303 0.11458333333333333 0.30492424242424243
0 0.5714962121212122 0.22537878787878787 0.08428030303030302 0.2784090909090909
0 0.8982007575757576 0.21543560606060605 0.10132575757575757 0.2604166666666667
0 0.9043560606060606 0.31107954545454547 0.1268939393939394 0.3210227272727273
0 0.2859848484848485 0.3309659090909091 0.08333333333333333 0.35511363636363635
0 0.12973484848484848 0.3077651515151515 0.08333333333333333 0.3465909090909091
0 0.25 0.2741477272727273 0.07386363636363637 0.3210227272727273
0 0.43797348484848486 0.28740530303030304 0.08806818181818182 0.3229166666666667
0 0.8271780303030303 0.16524621212121213 0.08428030303030302 0.23011363636363635
0 0.6870265151515151 0.5951704545454546 0.17897727272727273 0.5028409090909091
0 0.4990530303030303 0.33759469696969696 0.10227272727272728 0.35321969696969696
0 0.6851325757575758 0.5643939393939394 0.17140151515151514 0.48484848484848486
