0 0.9299242424242424 0.3087121212121212 0.12878787878787878 0.32007575757575757
0 0.14914772727272727 0.3016098484848485 0.08049242424242424 0.3418560606060606
0 0.21070075757575757 0.14441287878787878 0.052083333333333336 0.23768939393939395
0 0.29450757575757575 0.32859848484848486 0.08333333333333333 0.3541666666666667
0 0.5004734848484849 0.3314393939393939 0.10132575757575757 0.3484848484848485
0 0.25047348484848486 0.2708333333333333 0.07291666666666667 0.3181818181818182
0 0.8290719696969697 0.28125 0.11458333333333333 0.30492424242424243
0 0.5767045454545454 0.22632575757575757 0.08522727272727272 0.2784090909090909
0 0.8929924242424242 0.5785984848484849 0.19886363636363635 0.48674242424242425
0 0.41240530303030304 0.2959280303030303 0.08806818181818182 0.32859848484848486
0 0.21922348484848486 0.12926136363636365 0.050189393939393936 0.22821969696969696
