2019
4709
833
3827
331
541
1227
927
3165
3979
2379
5258
5008
3819
1792
2453
769
5694
120
4461
5761
5390
2011
363
629
5638
2339
3477
4196
1648
1848
4839
56
1744
5654
5358
5454
2584
5202
3325
2155
4388
4669
5518
3620
3213
250
3349
5534
4815
2711
5154
2035
3078
2839
2929
2687
1391
1163
1832
3787
483
3429
5334
1253
5138
5414
2619
3001
713
4653
5550
1327
5114
4960
5710
411
475
589
1560
2323
5630
5438
64
5170
4260
2651
1632
2003
4751
1063
3237
419
3684
314
1479
4068
4135
2520
1760
4477
144
1399
5614
403
1544
4549
1720
1624
4332
5294
4621
1864
5318
467
4791
2871
4356
2961
3514
5066
88
5130
4888
785
5686
3920
5250
597
2179
4807
4204
427
2283
2027
645
2659
4847
2905
3498
5178
5542
290
2115
1728
3205
322
2985
5670
3062
1923
2195
2512
3580
753
825
2131
1091
1584
637
1439
5422
1359
2387
4429
565
3109
5753
1155
4799
5646
2544
3944
4831
4677
2783
1375
2791
983
2735
2552
2743
1616
2528
3779
3189
4517
234
3149
1179
1955
2331
4936
202
4880
991
1528
2635
1303
3041
355
1712
1311
4992
347
4984
5326
48
1463
4340
1808
371
3912
1107
4573
5430
8
4912
4052
1423
2075
2462
443
2937
160
3612
4084
2823
3572
2627
3421
3277
1367
4613
5024
2536
4348
2043
1640
2807
4445
4036
1536
3676
3875
865
395
3437
3141
4509
4767
3453
5598
3988
266
849
451
2953
4119
3996
4076
5374
4244
809
3588
3157
5678
999
2719
533
5406
2222
4557
3851
1171
4775
4012
4735
1471
3009
2887
4060
3070
5566
24
5186
2568
1219
4143
2969
4783
298
2445
777
3708
3652
951
1664
4896
3763
3556
258
605
242
721
3867
1455
3724
2600
557
4316
1891
935
459
2171
857
1995
1115
2371
2611
5582
975
841
2977
507
152
1568
4220
3086
1495
2921
1245
613
1987
3835
5310
5510
761
5074
1487
3117
387
959
4693
4493
3261
2091
5622
4485
5242
435
2299
621
4743
1139
4284
4188
16
3564
4100
4589
4565
902
5226
4380
5122
1211
4968
3397
2411
4661
2855
3245
3803
1031
3548
3469
1335
379
2363
178
2643
5162
5574
3373
3811
1856
4501
3540
4127
2759
1407
4292
2560
2067
5470
1552
2427
1776
2275
2307
1447
581
2147
693
2831
1784
0
2083
4028
5662
1203
5082
4437
1899
4372
168
2206
5234
5146
3628
1907
3795
5590
4300
2107
2815
2291
737
2355
4701
40
1608
306
1800
3133
210
3269
967
2897
1600
2099
3381
1931
4920
