0 0.7997395833333333 0.20277777777777778 0.0265625 0.14814814814814814
0 0.675 0.19027777777777777 0.023958333333333335 0.14166666666666666
0 0.7026041666666667 0.1884259259259259 0.023958333333333335 0.1398148148148148
0 0.05755208333333333 0.24305555555555555 0.043229166666666666 0.21388888888888888
0 0.2453125 0.21481481481481482 0.030208333333333334 0.1814814814814815
0 0.9247395833333333 0.26296296296296295 0.03802083333333333 0.1962962962962963
0 0.56171875 0.16111111111111112 0.019270833333333334 0.12037037037037036
0 0.8234375 0.2023148148148148 0.027083333333333334 0.14722222222222223
0 0.49375 0.21064814814814814 0.025 0.1675925925925926
0 0.27630208333333334 0.20555555555555555 0.027604166666666666 0.17222222222222222
0 0.6786458333333333 0.17685185185185184 0.021875 0.12962962962962962
0 0.8479166666666667 1.2032407407407408 0.20208333333333334 0.9842592592592593
0 0.8971354166666666 0.22870370370370371 0.03177083333333333 0.16666666666666666
0 0.4984375 0.16111111111111112 0.01875 0.12407407407407407
0 0.81953125 0.21666666666666667 0.0296875 0.15925925925925927
0 0.7317708333333334 0.1787037037037037 0.022916666666666665 0.12962962962962962
0 0.8731770833333333 0.19722222222222222 0.0265625 0.14074074074074075
0 0.5033854166666667 0.575462962962963 0.07552083333333333 0.4842592592592593
0 0.40078125 0.1824074074074074 0.0203125 0.14629629629629629
0 0.5895833333333333 0.5236111111111111 0.071875 0.4361111111111111
0 0.5427083333333333 0.24074074074074073 0.030208333333333334 0.1925925925925926
0 0.78046875 0.20324074074074075 0.0265625 0.14907407407407408
0 0.59921875 0.2513888888888889 0.03177083333333333 0.19907407407407407
0 0.6299479166666667 0.16712962962962963 0.0203125 0.12314814814814815
0 0.64375 0.1837962962962963 0.022916666666666665 0.13796296296296295
0 0.5010416666666667 0.20694444444444443 0.025 0.1638888888888889
0 0.5721354166666667 0.4675925925925926 0.06302083333333333 0.3888888888888889
0 0.9177083333333333 0.22546296296296298 0.03125 0.1638888888888889
0 0.7325520833333333 0.19212962962962962 0.024479166666666666 0.14166666666666666
0 0.8736979166666666 0.2050925925925926 0.027604166666666666 0.14722222222222223
0 0.7229166666666667 0.21435185185185185 0.028125 0.16203703703703703
0 0.6380208333333334 0.19074074074074074 0.023958333333333335 0.14444444444444443
0 0.5052083333333334 0.15555555555555556 0.017708333333333333 0.11851851851851852
