0 0.6588541666666666 0.1699074074074074 0.020833333333333332 0.125
0 0.8645833333333334 0.19537037037037036 0.026041666666666668 0.1388888888888889
0 0.8885416666666667 0.2111111111111111 0.029166666666666667 0.15185185185185185
0 0.7580729166666667 0.17222222222222222 0.021354166666666667 0.12222222222222222
0 0.7083333333333334 0.5523148148148148 0.08125 0.4564814814814815
0 0.6520833333333333 0.1935185185185185 0.023958333333333335 0.14629629629629629
0 0.8075520833333333 0.22546296296296298 0.030729166666666665 0.1675925925925926
0 0.15390625 0.6856481481481481 0.1140625 0.5898148148148148
0 0.95 0.2439814814814815 0.035416666666666666 0.1787037037037037
0 0.6135416666666667 0.17175925925925925 0.020833333333333332 0.1287037037037037
0 0.4015625 0.1824074074074074 0.020833333333333332 0.14629629629629629
0 0.49765625 0.16064814814814815 0.018229166666666668 0.12314814814814815
0 0.8536458333333333 0.21064814814814814 0.028125 0.1527777777777778
0 0.503125 0.15555555555555556 0.017708333333333333 0.11851851851851852
0 0.19921875 0.6 0.09427083333333333 0.5166666666666667
0 0.19244791666666666 0.5375 0.08489583333333334 0.4638888888888889
0 0.47760416666666666 0.2875 0.035416666666666666 0.2361111111111111
0 0.5489583333333333 0.1537037037037037 0.017708333333333333 0.11481481481481481
0 0.5049479166666667 0.2050925925925926 0.024479166666666666 0.16203703703703703
0 0.6028645833333334 0.14953703703703702 0.0171875 0.10833333333333334
0 0.759375 0.19398148148148148 0.025 0.14166666666666666
0 0.8736979166666666 0.2050925925925926 0.027604166666666666 0.14722222222222223
0 0.69140625 0.18009259259259258 0.022395833333333334 0.13240740740740742
0 0.42552083333333335 0.27824074074074073 0.03333333333333333 0.23055555555555557
0 0.27682291666666664 0.20555555555555555 0.027604166666666666 0.17222222222222222
0 0.8236979166666667 0.20185185185185187 0.0265625 0.14629629629629629
0 0.7666666666666667 0.2037037037037037 0.027083333333333334 0.15
0 0.490625 0.20925925925925926 0.025 0.16666666666666666
0 0.9125 0.24537037037037038 0.035416666666666666 0.1814814814814815
0 0.24635416666666668 0.21435185185185185 0.030208333333333334 0.18055555555555555
0 0.6145833333333334 0.1712962962962963 0.020833333333333332 0.12777777777777777
0 0.7161458333333334 0.18194444444444444 0.022916666666666665 0.13240740740740742
0 0.7513020833333334 0.18287037037037038 0.0234375 0.13240740740740742
