0 0.571875 0.2611111111111111 0.03333333333333333 0.20925925925925926
0 0.8760416666666667 0.22314814814814815 0.03125 0.16296296296296298
0 0.72421875 0.19027777777777777 0.024479166666666666 0.1398148148148148
0 0.2453125 0.21481481481481482 0.030208333333333334 0.1814814814814815
0 0.56171875 0.16111111111111112 0.019270833333333334 0.12037037037037036
0 0.8760416666666667 0.2050925925925926 0.028125 0.14722222222222223
0 0.8684895833333334 0.19675925925925927 0.0265625 0.1398148148148148
0 0.7372395833333333 0.17777777777777778 0.022395833333333334 0.12777777777777777
0 0.49375 0.21064814814814814 0.025 0.1675925925925926
0 0.6255208333333333 0.18888888888888888 0.022916666666666665 0.1425925925925926
0 0.5127604166666667 0.24861111111111112 0.030729166666666665 0.20092592592592592
0 0.49765625 0.16111111111111112 0.018229166666666668 0.12407407407407407
0 0.4986979166666667 0.20694444444444443 0.024479166666666666 0.1638888888888889
0 0.8809895833333333 0.2523148148148148 0.0359375 0.18796296296296297
0 0.66640625 0.17916666666666667 0.022395833333333334 0.13240740740740742
0 0.7697916666666667 0.19907407407407407 0.026041666666666668 0.14629629629629629
0 0.9065104166666667 0.22083333333333333 0.030729166666666665 0.16018518518518518
0 0.49166666666666664 0.4828703703703704 0.0625 0.4046296296296296
0 0.6231770833333333 0.16157407407407406 0.019270833333333334 0.11944444444444445
0 0.8236979166666667 0.20185185185185187 0.0265625 0.14629629629629629
0 0.66875 0.18611111111111112 0.022916666666666665 0.1388888888888889
0 0.5140625 0.5375 0.07083333333333333 0.45092592592592595
0 0.3997395833333333 0.1824074074074074 0.0203125 0.14629629629629629
0 0.5046875 0.15555555555555556 0.017708333333333333 0.11851851851851852
0 0.6776041666666667 0.18425925925925926 0.022916666666666665 0.13703703703703704
0 0.7864583333333334 0.19953703703703704 0.026041666666666668 0.14537037037037037
0 0.2752604166666667 0.20555555555555555 0.027604166666666666 0.17222222222222222
0 0.68828125 0.20601851851851852 0.0265625 0.15462962962962962
0 0.80390625 0.21435185185185185 0.028645833333333332 0.15833333333333333
0 0.6994791666666667 0.18935185185185185 0.023958333333333335 0.1398148148148148
0 0.4244791666666667 0.5925925925925926 0.075 0.5018518518518519
