0 0.875 0.2050925925925926 0.028125 0.14722222222222223
0 0.8260416666666667 0.2337962962962963 0.03229166666666667 0.175
0 0.5036458333333333 0.15555555555555556 0.017708333333333333 0.11851851851851852
0 0.7981770833333334 0.5300925925925926 0.08072916666666667 0.4324074074074074
0 0.7614583333333333 0.19398148148148148 0.025 0.14166666666666666
0 0.865625 0.19537037037037036 0.026041666666666668 0.1388888888888889
0 0.27682291666666664 0.20555555555555555 0.027604166666666666 0.17222222222222222
0 0.9682291666666667 0.25277777777777777 0.036458333333333336 0.18518518518518517
0 0.29453125 0.5097222222222222 0.0703125 0.4361111111111111
0 0.50390625 0.2050925925925926 0.024479166666666666 0.16203703703703703
0 0.8223958333333333 0.20185185185185187 0.027083333333333334 0.14629629629629629
0 0.7588541666666667 0.18703703703703703 0.023958333333333335 0.13518518518518519
0 0.6283854166666667 0.18009259259259258 0.022395833333333334 0.13425925925925927
0 0.40078125 0.1824074074074074 0.0203125 0.14629629629629629
0 0.2591145833333333 0.6615740740740741 0.09739583333333333 0.5657407407407408
0 0.5494791666666666 0.1537037037037037 0.017708333333333333 0.11481481481481481
0 0.4875 0.20879629629629629 0.025 0.16574074074074074
0 0.8546875 0.2152777777777778 0.029166666666666667 0.15648148148148147
0 0.7861979166666667 0.2064814814814815 0.027604166666666666 0.15185185185185185
0 0.45416666666666666 0.26666666666666666 0.03229166666666667 0.21851851851851853
0 0.49713541666666666 0.16064814814814815 0.018229166666666668 0.12314814814814815
0 0.33359375 0.5708333333333333 0.07552083333333333 0.4861111111111111
0 0.934375 0.2490740740740741 0.035416666666666666 0.18333333333333332
0 0.24739583333333334 0.21481481481481482 0.030208333333333334 0.1814814814814815
0 0.7190104166666667 0.18425925925925926 0.0234375 0.13518518518518519
0 0.6059895833333333 0.15462962962962962 0.018229166666666668 0.11296296296296296
0 0.7432291666666667 0.1726851851851852 0.021875 0.12314814814814815
0 0.61796875 0.18287037037037038 0.022395833333333334 0.13796296296296295
0 0.6729166666666667 0.17685185185185184 0.021875 0.12962962962962962
0 0.5067708333333333 0.2763888888888889 0.034375 0.225
0 0.6994791666666667 0.18935185185185185 0.023958333333333335 0.1398148148148148
0 0.8869791666666667 0.21296296296296297 0.029166666666666667 0.1537037037037037
0 0.6703125 0.1986111111111111 0.025 0.14907407407407408
