0 0.6471354166666666 0.18194444444444444 0.022395833333333334 0.1361111111111111
0 0.49114583333333334 0.2101851851851852 0.025 0.16666666666666666
0 0.8684895833333334 0.19675925925925927 0.0265625 0.1398148148148148
0 0.7341145833333333 0.1736111111111111 0.021354166666666667 0.125
0 0.7283854166666667 0.19074074074074074 0.024479166666666666 0.14074074074074075
0 0.79375 0.20972222222222223 0.028125 0.15462962962962962
0 0.4328125 0.5763888888888888 0.07291666666666667 0.487962962962963
0 0.6799479166666667 0.18009259259259258 0.022395833333333334 0.13240740740740742
0 0.49713541666666666 0.20555555555555555 0.024479166666666666 0.16296296296296298
0 0.49661458333333336 0.16064814814814815 0.018229166666666668 0.12314814814814815
0 0.27630208333333334 0.20555555555555555 0.027604166666666666 0.17222222222222222
0 0.48359375 0.25972222222222224 0.03177083333333333 0.21203703703703702
0 0.39375 0.4935185185185185 0.06145833333333333 0.4185185185185185
0 0.6104166666666667 0.18611111111111112 0.022916666666666665 0.14074074074074075
0 0.6984375 0.1884259259259259 0.023958333333333335 0.1398148148148148
0 0.54921875 0.15694444444444444 0.018229166666666668 0.1175925925925926
0 0.6747395833333333 0.19953703703703704 0.025520833333333333 0.15092592592592594
0 0.24635416666666668 0.21481481481481482 0.030208333333333334 0.1814814814814815
0 0.7747395833333334 0.19814814814814816 0.025520833333333333 0.14444444444444443
0 0.3997395833333333 0.1824074074074074 0.0203125 0.14629629629629629
0 0.5364583333333334 0.2671296296296296 0.03333333333333333 0.21574074074074073
0 0.8661458333333333 0.22037037037037038 0.030208333333333334 0.16111111111111112
0 0.8236979166666667 0.20185185185185187 0.0265625 0.14629629629629629
0 0.5046875 0.15555555555555556 0.017708333333333333 0.11851851851851852
0 0.33828125 0.6185185185185185 0.08177083333333333 0.5259259259259259
0 0.6177083333333333 0.1574074074074074 0.01875 0.11481481481481481
0 0.8520833333333333 0.23935185185185184 0.03333333333333333 0.1787037037037037
0 0.8981770833333333 0.21574074074074073 0.0296875 0.15555555555555556
0 0.875 0.2050925925925926 0.028125 0.14722222222222223
0 0.771875 0.19814814814814816 0.026041666666666668 0.14444444444444443
