0 0.75 0.17962962962962964 0.022916666666666665 0.12962962962962962
0 0.68515625 0.17916666666666667 0.022395833333333334 0.13240740740740742
0 0.4356770833333333 0.30416666666666664 0.03697916666666667 0.25277777777777777
0 0.6432291666666666 1.200462962962963 0.18125 0.9898148148148148
0 0.5036458333333333 0.15555555555555556 0.017708333333333333 0.11851851851851852
0 0.75546875 0.19074074074074074 0.024479166666666666 0.1388888888888889
0 0.8869791666666667 0.20925925925925926 0.028125 0.15
0 0.078125 0.5703703703703704 0.10208333333333333 0.4962962962962963
0 0.7669270833333334 0.17037037037037037 0.021354166666666667 0.12037037037037036
0 0.6388020833333333 0.19027777777777777 0.0234375 0.14351851851851852
0 0.24609375 0.21435185185185185 0.0296875 0.18055555555555555
0 0.5640625 0.15092592592592594 0.017708333333333333 0.1111111111111111
0 0.7583333333333333 0.20046296296296295 0.026041666666666668 0.14722222222222223
0 0.5971354166666667 0.14907407407407408 0.0171875 0.10925925925925926
0 0.8622395833333333 0.19537037037037036 0.025520833333333333 0.1388888888888889
0 0.4015625 0.1824074074074074 0.020833333333333332 0.14629629629629629
0 0.49661458333333336 0.16064814814814815 0.018229166666666668 0.12314814814814815
0 0.64765625 0.16666666666666666 0.0203125 0.12222222222222222
0 0.50390625 0.2050925925925926 0.024479166666666666 0.16203703703703703
0 0.9442708333333333 0.25555555555555554 0.0375 0.18888888888888888
0 0.8236979166666667 0.20185185185185187 0.0265625 0.14629629629629629
0 0.58984375 0.16203703703703703 0.019270833333333334 0.12037037037037036
0 0.86875 0.8351851851851851 0.1375 0.687037037037037
0 0.71875 0.18055555555555555 0.022916666666666665 0.13148148148148148
0 0.8544270833333333 0.2101851851851852 0.028645833333333332 0.15185185185185185
0 0.27786458333333336 0.20555555555555555 0.027604166666666666 0.17222222222222222
0 0.8911458333333333 0.23935185185185184 0.03333333333333333 0.17685185185185184
0 0.48828125 0.21064814814814814 0.025520833333333333 0.1675925925925926
0 0.10104166666666667 0.6231481481481481 0.109375 0.5407407407407407
0 0.61875 0.1726851851851852 0.020833333333333332 0.1287037037037037
0 0.65390625 0.575925925925926 0.0828125 0.4777777777777778
0 0.3859375 0.29398148148148145 0.035416666666666666 0.24537037037037038
0 0.7921875 0.21712962962962962 0.029166666666666667 0.16018518518518518
0 0.9119791666666667 0.2351851851851852 0.03333333333333333 0.17222222222222222
0 0.875 0.2050925925925926 0.028125 0.14722222222222223
