8.624078241564717
7.032956465710215
13.552349033981304
8.693446758770932
13.917593472867908
8.784811589443374
6.594887283834847
10.104419171193674
8.033833556840458
7.521237141142469
7.448035053624038
9.239934566351884
7.111330907007871
14.361999708514794
13.595283856789603
10.227702561412809
8.181143379052488
10.963070817297117
10.076906391646064
13.029549502358769
5.678288078350111
9.422284647151226
8.981347730902666
10.05881157966965
10.514120354017024
10.537450866199205
8.624761393438789
5.61236667875199
9.683598495519783
11.925781972587084
9.636979063656154
8.096658351060332
5.701864936455918
7.906239486971745
7.104357498825356
10.192957038187929
9.736036118076749
7.7695579951299925
6.438549279878274
7.69712227562225
9.355253447171043
7.328447854993088
7.322096044346556
7.50815454128729
6.291515710070312
7.2579068994453655
7.4271530699796156
9.004789287804394
8.252231305340665
9.71237987375969
8.940134391712865
8.010516157604084
7.915022231425174
9.445205227161786
7.276137968512781
6.457221191172922
7.1610001008362785
7.6548830055728745
10.181562259604405
5.932654173081561
8.124539098190041
7.583752840245441
6.394639016858278
7.402523495768835
8.674100332237757
7.855979038001178
8.38807415808402
8.942530766158718
9.7705269264508
8.485770420251578
8.643402616841556
7.121128478447543
8.700128029746999
9.480986082400998
7.263716987019422
9.5885836175358
7.208365881107597
7.366147104069589
10.538387292305707
12.525377405394567
7.956806560874375
8.824553637975457
8.473617835655794
8.574900058666259
7.4667695998977575
10.339613833351201
8.11726550222653
7.554725659434109
8.858762140747771
9.439404683797257
9.214247025983767
7.994505724307081
10.252636700170404
12.657684456738167
9.524945792515735
10.117243970236178
6.727173945401628
9.661660746155144
9.417110031863544
7.551701129738223
7.293217570881885
9.314598440541598
6.8297880581197825
7.771994633745457
9.426795017606738
6.557205961632578
6.983990256395002
5.156641518412995
9.054237568547203
8.240375870418804
8.60781600507091
7.16999670693454
9.094686967328476
12.366289389489758
7.322644249894682
10.512696280872413
7.468922139762709
7.471182460981558
8.400359702910054
6.3910350608618085
9.040045531288694
7.634400028591244
7.32988637451401
7.773581514103413
6.138329103472764
8.876375370256657
10.82614685681217
8.39590574285878
7.9537282108555685
6.77464292503951
6.3374182110133095
7.046154213080059
8.428453184560638
5.20809593447517
6.643310557420571
9.098205600956131
8.729136361097641
7.305663979611341
5.445309391406127
7.153363804060598
7.585484897004036
7.793104372921897
10.582835715304416
7.366700994653955
9.101881962419272
8.226627990799757
8.18755860573998
6.487657036664358
9.209558575109686
5.776380122066897
7.328778463113494
6.394346841364563
8.874946174496252
7.650986543304081
8.613438275754174
8.215094860298557
7.006294623009217
12.468214960048256
9.221742454325543
7.752104350369417
10.860673507315804
8.43169095347867
9.106553172592307
7.701897432518996
7.3552680132095105
9.977718751822573
19.306776562492995
13.678684469589337
16.931591227126567
12.64278406897303
17.726926861162944
18.204576274329238
17.834530526054365
21.85345546323864
14.571279098748645
11.451832898593302
20.12946798341461
16.35661332492702
20.861602124920076
15.352940878538067
18.337525695966526
15.339725006498137
16.9269175526901
16.936790754557453
16.58388034300844
19.338830540205922
19.91297650218689
20.310514266763782
23.630967125544963
15.080051209883052
18.754691340547936
15.139183951588922
17.02824841893016
16.983897550715824
15.574561094212372
17.277831348821195
23.754273135706182
16.254637215205378
18.923810967328695
16.084288148370337
20.415382414578133
20.54632789953244
17.18342339314403
19.644994930313455
21.230717728022654
18.140129194747693
20.59779732348702
14.496325851613996
20.508344376441848
16.834514199265964
17.949217545868066
15.94048934167476
19.40417534612033
15.394320042632026
16.836692952072795
23.250996389988867
14.98437710269795
19.176846039751545
20.851179801871112
22.518804342928636
19.274076246291802
17.673808788538818
27.210764162060006
12.559208398682001
19.778926772385052
16.631738760676658
20.245783880316928
13.80765222922634
22.262235435799493
16.261975368495797
13.703999147729517
16.048838323005565
14.473576515531473
22.150296424652243
16.522987439153198
14.19503245657739
22.16515981143203
14.485015181863275
15.33732411997106
15.929150114731279
16.7060989452204
19.820758331036906
13.80313627480618
20.619501152102288
13.527528922677691
18.972005734877122
22.637849025933125
16.0435349226547
24.079525687487628
19.615298128963666
17.21790312818257
18.56681524400246
22.494377093395524
17.732399456913036
18.813850462835216
24.10337770066365
16.030750770454045
19.609156171997707
20.612547729459457
15.811267444598572
14.399288582667918
21.167836184130355
16.867065768383142
18.549355253768635
15.510571377640684
13.031330427137737
17.814896892530715
15.963714120289602
18.14698585630182
16.478324459130352
18.141114891789115
13.37674712077916
17.917544587640947
23.27190744568703
20.148395054060572
18.208624728931206
15.741720279406147
18.21868709332906
18.711777740611925
16.11636540716779
21.412539953771063
14.786486944707594
17.751667427877774
19.060548192635586
24.432216621310143
15.360968901764663
20.170305606765716
16.969587409975404
16.40609055442656
16.730290195972685
16.77334636425484
22.48399465981424
16.116857512931634
15.36124378813395
16.14377350116011
14.274799047846912
18.056058230684396
16.17431961396957
16.76354712364617
20.850815116645766
14.25256845093504
19.629566612759387
23.817282686473533
21.39557242105019
12.660207831356708
19.448063071299618
18.302444009600052
19.65586616408994
18.838197662777745
16.880973748048643
18.328779925292704
16.34579756849511
15.150703737069406
21.49449104435167
22.420082083999027
15.870193653865318
15.364988926201425
21.71343562843003
13.505449258561459
23.369057935481848
19.00397930401955
17.177466197320822
18.937413296928085
18.558843975585653
13.301934568217533
20.76539485147872
17.774328295746937
13.501759569611568
15.728519540199963
17.682528971316753
20.933892041941405
20.52942136014201
10.65615919575743
22.058296143068475
16.44228530120528
13.431432971829041
16.847268441697263
21.954187141325313
16.486663085003045
16.447536305050832
21.706251006499084
14.345731535974375
19.85951727338631
19.333570746577717
17.26809285954864
16.83405800295175
22.229356548868807
21.81203079569195
18.528162235491173
16.760579838017357
16.343461331621654
14.709726838485937
13.196609722102195
14.51615147087606
21.070471492129617
13.838227906307251
17.02737921840059
16.644939552723947
18.701239726968872
17.005733354033815
14.591895764670918
16.77650383390006
16.889857025083792
17.3254824162326
14.253816637348827
14.57665010112609
16.617211349792356
17.604878011784123
16.296228789378226
19.02827266853534
18.2259829050563
19.723450430147953
13.613740799503345
23.29763772464151
15.752981721713436
16.250489200226355
13.42753472799291
18.959445108898283
15.359936998450882
18.2442936281024
15.935109475573157
21.724343572105287
13.95738401906418
15.621170800668509
16.114797265155598
13.432466819890568
16.972478997694388
13.519116762322069
19.585260844544973
16.42759634610425
12.678173449321863
13.828925110166798
21.715913206143444
15.402223232151528
21.513008284778152
19.306796203940994
23.187009674394048
13.573541197827735
13.017210599126415
16.75567073443659
21.069576292400573
15.177887750762162
18.59769598650606
17.143171851178494
20.282240582720597
13.835302556482167
20.827802286206065
23.124459556423542
21.457190453767584
22.321692394556916
15.675007708443571
15.186349516141867
18.10454698397562
24.51700870403467
21.641891010674883
16.944308407923167
15.632868976775441
19.60113467645353
18.638313149083704
20.37398138328508
17.18092026482612
21.119465166668885
19.504591622414882
17.355685665993796
12.367370117169342
26.17032928465134
17.304729116200377
28.620195548428814
27.676768344941514
13.263669066255622
14.605385978142065
19.308169673293833
14.291722931421727
18.519012741366566
13.326700751030046
27.14360683492029
11.832263432754926
13.161088118522638
16.74985607741617
18.940150352450416
14.44940839688209
23.985202268298124
21.582815640147317
15.976628023177456
15.265334971019547
17.764136884785326
20.978913777789604
16.136163530478555
13.214727088214755
13.450165057260836
13.407305076486695
20.105557444503237
16.998180143947863
17.213021419708166
21.18437617908137
15.469658849767326
16.61401114005347
13.851600179051125
16.17389686409153
14.966434565069958
18.750024570892464
21.64731964937577
15.056634393233663
20.6474418847987
24.065101387785788
17.78956699574823
18.814428378997036
15.207690251738008
18.295497860581392
17.22337288130807
13.037705042596071
14.65205884133694
14.787866711479685
18.220074292437257
18.465836136965716
24.052395527414344
20.37715582136422
15.404850924143389
20.566944606683062
13.494618974212633
19.16366553780534
16.54088959878832
19.136121508436993
18.431017305892755
16.058886785906534
14.800056607466637
23.588415672586365
23.114766032198972
18.63994599708522
16.70900218831069
12.696211475019005
19.7837174495277
23.325001957055864
16.878135386776197
17.68288780682006
17.555070012530997
22.41787246172233
15.39692484065404
14.140333611668956
13.345086204851148
23.31003181156081
16.74907479666025
17.11395084109257
16.233565158789784
12.647373701370215
18.719071706852002
12.720493729188979
18.13268447122647
15.827123682758168
15.343591641116953
13.949553006253337
20.235845319771673
13.523390397614726
16.592186917820598
19.73408942454804
20.412694317803748
20.94442286491389
21.642031217845478
10.452651498573681
13.531115828708563
18.74054383056355
17.12503110806584
12.398419157002794
12.824453146568928
14.248686272102344
11.774677493686838
21.81240234084352
18.436503290804502
15.765179239632273
18.460062382184486
15.892550974707985
15.171673893635003
13.651352868059442
12.992849715971817
23.014996256338325
19.513660279043684
10.584661339204823
22.776285787682745
14.194999552629781
12.020597498401685
16.97622308199535
21.173090812242144
19.327419602246685
17.1586555678475
16.566241470800804
14.648505030671224
13.979576825548985
22.743445476833262
16.08286346563263
17.82387297206226
18.734878672051686
14.908396108633506
13.406641877289337
22.563633498478296
13.963750529195922
15.409257708747358
24.950658910184906
14.595108352909593
19.053390740990963
15.911674643009617
18.754573170105754
12.953857199845304
18.603628171415412
17.768205135932583
22.981784177384096
14.488705041760705
18.316242811808713
18.830698353400635
14.91297756085322
14.853165906493775
14.38222699765894
19.349270039308863
15.286478875407433
14.158062099135792
24.211885617025665
16.379468328743528
15.461368042299325
18.67981595647138
15.851577424934266
21.33822467263473
26.293725494521286
16.237509681267973
17.43628169637488
19.141017708090487
18.130532041856796
18.97773967928845
16.03594926225469
24.113777588960932
21.027312685595742
27.471698760673164
24.114855607573443
15.592127540643707
16.37964448674612
11.393201463836732
25.161595693549515
13.74531278933018
17.295953161545548
13.795475952858792
18.03213692740729
19.216235187103575
16.48514550591745
18.364105854130106
21.91244662298188
15.617018149504673
21.349481943850293
18.343031040568007
13.19359547045545
16.69750306067306
20.943560977566328
20.72676611649133
21.02175072470677
27.964056226636703
12.284805204979623
24.627479809201006
16.90949987275693
14.276716134989877
18.28091616696104
17.990341783128624
21.861876913614633
20.57090902761009
20.64271620248115
14.472282290012105
16.88668326171791
14.948900097799719
14.222747194138082
21.69345852630297
18.833521344348576
22.49931174040224
12.824215203257884
12.933150081176356
20.639010397010153
20.684772024153837
20.672071262042568
16.728747804747737
13.791785035102473
21.458592255267323
22.388159638355447
22.03287948187266
24.045673953307332
22.15895178430651
14.735059112402029
15.62159065285199
20.328304159902263
15.3776097055408
12.40085805934052
16.75997847590888
17.30992871521621
16.032470965257765
20.579919214954828
16.798969429659582
20.524485187761847
17.69806494343291
14.451468017508057
16.268979465329124
13.888576606870997
17.691187092940726
23.906362318208846
19.936751710824
14.5857427356747
22.789699704510284
15.861034594112134
18.07698144689418
14.527269894319856
20.133326710177183
23.469312366055316
15.497838418467019
17.68518809671844
20.575684740846082
19.237741871347833
19.33477443546971
19.80971387772064
21.234380139783624
26.447739602600848
22.259490346817962
17.741458138780406
24.887328155408817
15.616873902961714
27.60873140428414
15.44329456095885
15.050261668098017
15.910189092638827
20.824964077321297
18.9786515401254
18.08187553518009
18.1235509691541
17.906197048075114
27.506442581218927
19.14500879352454
19.1844991708243
17.69220516062914
18.980239554649717
18.77902385900139
18.84080497982977
16.171574005792536
19.30426179301321
17.243377430167197
21.307962322133857
17.831140112509008
19.30566283917018
17.21612972913231
19.48755712768496
26.436866708200544
14.194397553688278
20.809484849251653
16.163812235675948
15.171019137674566
24.363290944035505
21.34444159632413
16.596882416385142
13.5609613013165
15.380824904614515
18.703697001377034
18.807972195526922
24.098614388803572
17.355715621564194
16.10475335917615
12.618155035887378
20.120443956783298
19.672880849925864
13.510765304706188
24.36297180147092
17.176205369884695
21.74930151497353
15.522836229494413
28.639902797794594
20.423780926054743
27.929307376398818
15.000934649820035
16.135562514845542
23.251193985641994
16.658754494530374
17.72806611725118
26.271173066838905
17.740673861927696
20.116943454339847
16.928548557859788
17.980153812126737
21.235425631278293
22.041696582617963
18.16239784388302
22.608589691678898
25.923205458938035
15.084234909891828
15.992531751731448
21.191131661572722
18.641991602862984
17.801567128390072
23.635622269488856
14.354835630373737
16.662287698913328
13.578298793638112
17.27705362585542
15.934722237832812
19.127350332533293
17.4901168368425
19.607958474768513
21.531845476505698
24.478415085383414
26.35079495828822
17.713915890540047
17.817702580317643
14.97368303531684
20.917441521970908
24.120514304014023
22.60794377721405
15.680347561921566
14.926265209938528
17.93162707065188
24.781493770312917
17.324599283935456
21.983742595036077
28.111053127584885
11.655277517478327
21.130178058620377
18.42048052046753
13.066974625958181
22.766450451110227
26.03558309612507
24.14219113689349
16.675106114389934
14.664180267488222
24.177522067908956
18.733693235547403
22.363926356588173
18.460866289319824
15.247080778402688
16.38286600783487
24.341996797469147
27.60387963885891
14.55793102373476
22.06005531748249
17.910710875049478
17.4546539143508
17.94359938518304
19.86021103429279
13.992273528533582
16.61401851148905
27.056755867503476
15.32612179306557
15.89986098230118
23.828764124079285
16.48807900474149
19.803615176750448
17.59570190140413
18.880039064496184
20.552134890397983
13.375265253824635
15.721129446756315
27.11419594163058
16.749016058128433
17.260743163427676
19.102587868405422
17.78231343524402
11.717980374601709
22.137815756122738
22.14605885834601
14.981106250665691
29.00098118807673
15.418680373184754
17.864139110743523
9.428031083992797
16.295776069183933
11.65273410137596
11.888816784774031
18.858745576303924
17.596572355493443
13.927857316936834
10.885521235377091
13.62123347815908
17.447993834886233
13.581734971523224
17.397098551409954
16.461437988638803
20.694839798805447
12.718238821604333
15.54393197386659
18.181397432912952
20.508311483889223
8.640158833208693
12.812338871234465
10.610659089455137
14.117551265103335
17.093574272069837
18.377794823546104
19.459053821953805
10.508795421907694
16.49167998296451
11.306407398230109
20.270003242111507
11.956177123962854
12.974338694998329
13.559739958977922
19.03695257441795
14.864563951156097
18.014043354005306
12.36808672585216
19.034862249038877
7.991111712963965
21.45996593214463
18.997941180486627
12.839220900616615
13.464322590044562
17.346826287043843
18.33411081782597
18.960620881227236
14.452500520247469
16.076831106900194
23.638112621168418
14.515773906716072
10.742562951825246
12.90104725662609
14.296354918315108
13.444956362787872
13.282283342080776
13.16032809226007
9.727116345991131
14.466544696723345
14.9803242467601
8.352575710596748
13.750130357685247
14.069884389392692
9.692974840773902
17.639710818417925
10.361358819354697
12.433759769368342
17.851401364517102
16.364935799765817
16.83133573984467
8.355464506816254
16.898418406771913
9.29620384944179
18.734181106620536
8.371172241229019
15.826084486186906
18.965419895090186
9.053992831061048
13.219426463432836
17.305592841390066
22.27434588859189
11.437788943421667
10.595157832235211
14.564055922127393
12.235689644603859
12.76915003059445
14.588102670661312
15.804240850571171
15.248604884611014
13.104019317093751
14.01536177999331
15.473593923865371
16.351041474178906
14.89913918000529
11.097013879941706
15.242395692369163
11.727389049088117
10.768796551183975
17.491555921437776
10.796776348694086
9.72573194132716
11.878949813518028
17.03791839432766
10.13553731041287
9.215023741203646
17.859587037920118
15.483003625100581
12.085871664609307
12.210296122009192
15.445499093100036
9.365871376078527
8.68915937952414
15.79260736201221
9.845365378259514
12.745380611238051
18.102192974204538
11.992661974104973
10.483211702285505
15.152446334450147
10.386770747271084
18.070991807138192
14.762934884139998
13.39212830442022
13.752247948327897
19.99386206236094
14.103038716012392
20.021391441729048
10.952125350919914
12.656040865658243
15.550679438247075
13.80083118060667
14.279461428924893
15.170431430641806
17.588070257632417
20.35718365740848
14.175387922357784
10.512540016105627
16.566551854376314
21.53101432637014
26.857564347574826
14.308663407125996
12.105293321000492
21.94063181670735
13.501704901487184
12.418140509273128
12.988644527088876
17.940599251074712
18.206012614191984
14.615905115347694
10.85996970458425
13.679088840500112
17.456793039674775
14.511725830116964
14.377154377619563
12.210957970263678
10.75829061437454
14.390706325951866
16.734316958607273
11.497255415284203
14.69477959576507
16.263840684587333
12.251595262942018
11.963963546805402
11.366682151116818
10.94498776865331
13.051539606267811
15.40164043352799
15.68951492731942
16.091519850976248
13.502579446360885
11.376726230717217
10.779159779461953
12.829904741421297
13.486980732474821
14.227774562360306
12.397061303817656
9.42162397010781
20.870379810946
10.425205241584154
20.904673193151886
12.909739526068083
12.853392663780793
13.398283151994494
12.210115349283287
12.045216706164863
11.701508777272469
16.706425556287886
16.14287232164921
18.113805426465216
11.766817553038987
15.885138284153253
10.96047992492246
13.380846772697973
17.07507681809911
13.639324642656224
21.1504392349461
13.516262339737493
14.747850032466856
17.13040955775526
19.061406222244056
14.896602370933993
14.878407321266554
12.714719237128376
18.901545821518024
17.72790822904724
14.17552066651127
15.94050278750116
13.668347621288365
16.888615613130618
12.222668762242971
18.192421047704354
17.495097891763155
11.770603790297569
13.658177854530297
13.958443023588087
13.286925537657705
17.659455619408696
12.142474636264156
15.9989139341622
12.024275925294178
14.986500317820667
18.656116269179517
16.596860430447702
14.961342871195132
15.196114157493549
12.513667629400704
14.06821310951933
14.02054587751172
13.500219139167246
12.289525164012144
11.457236875671226
12.814718003302554
13.085602935131144
15.12601015208628
14.017994108408269
14.811565423342195
12.480467920087888
12.238247591324821
14.965034501739291
15.248881597393227
12.666081117635661
11.342534838247634
13.294600826858803
15.542626795154066
12.863692289468899
11.904205701115472
17.630959858856727
15.544278757272231
14.088906938321887
13.431954779473623
13.052385491350536
12.495979978223598
15.546385934249113
15.072690295696209
20.509471428756566
18.581507705361958
15.346230785030253
14.664867582856196
17.84141267403292
17.50049884050578
20.038767746231287
13.457826965493666
21.458771453356658
10.872967169952267
17.03703368210832
15.129546134301494
17.80965178948876
14.850316498916541
14.321445155027495
16.51250270909172
14.736482346567577
20.27624875260915
11.875388871027244
17.833702460396193
10.957070944835278
9.411386490968827
13.912149323663824
16.760920132660424
12.730913007123506
15.234430569243333
16.49566820194626
13.63692612171377
11.627131631897822
18.13763417404751
17.213886411698162
22.406538009400776
17.015942517710645
16.69262968497317
13.836024850982628
14.686569965210152
12.776771225888096
17.007670489983774
10.99074520839868
14.433410991201288
15.417924813691627
18.28960849617284
14.970637488342218
13.33545418396809
18.68364639551709
16.849620179623553
14.818167915697378
13.496370489875037
22.73388784388001
13.123472488104602
22.783265101743783
14.502385828981438
18.700404391234297
13.164733460818722
10.485009500514536
14.613260291828851
14.585836892667427
19.860085780331804
13.331946037111438
14.768424835471253
23.90245239570525
17.93207495326475
14.437510583712237
14.523509916014259
13.338558691211581
16.01124934292734
17.711673812826785
16.144235313017084
13.679611511039386
15.964256083878794
12.923268868537924
12.359801085676994
7.904894795723952
16.089309293505146
13.877911541708277
13.297173763060417
13.42998268777711
18.731008641612167
14.090065345112178
17.720733227109946
10.941896485934768
15.030059087219122
14.933856294547478
16.0961400193807
17.509325200927254
11.24728682471537
20.07510257157865
11.08728458482245
18.02886788190675
19.731728707883644
17.134434935064164
11.587222866426796
14.602915161774883
11.537274398359814
15.781938005841155
15.05124483076292
17.73330856434971
23.650527549663476
13.369493267488672
15.15316204092753
11.99322902284166
15.103339697345062
14.351154053966887
12.58746209143053
19.39877675709476
15.805985152802316
11.415480837399384
12.72274663900502
15.956804144043254
12.0615241802618
19.888328347532138
13.969077424269328
14.205198097078133
15.537482555394567
19.90705355599708
17.93862961188823
14.855904940781404
12.635360004977645
20.386104841593802
14.10089420099877
12.332109270106706
18.46155222015872
15.850601193829796
14.526645089056732
14.086937762328331
18.42465048090497
12.768396590770054
12.398062661084808
12.202766386429735
14.2232888930337
24.183826334931826
15.407456008595318
13.183544779435389
17.01546275494827
15.474525968235929
10.457236080276001
19.865224725439187
13.863163330420164
14.00175459950803
12.851908018370365
15.508635150565247
14.578461585480657
12.958135851524048
13.292073379184288
17.507223156135076
16.09875478297183
13.622689879178873
11.99657422755602
26.20905010283418
8.658962080843157
18.539296422025657
13.859171375364221
12.418036984219476
25.636895428500655
15.742068210132826
12.774110397353644
20.010046633753834
11.574081103006288
14.585725404541968
12.881811104849211
23.08583940672729
15.899082455829985
12.446413464418166
24.567546799627312
16.49770123040867
12.66097277494119
14.536208056698513
10.442186573415851
18.838921776012636
15.917871445589155
14.781625915144643
21.327533747720963
20.435694950577272
18.91632876624808
19.224868841674574
13.176506862488164
14.22233845528636
12.478303824159196
14.56696431295525
16.31101445699068
20.579929544336636
11.360865359420615
24.413089458311383
14.171279116519411
20.46945203753526
16.86981429162852
18.04732892836782
15.114599854314736
11.82433942101136
16.84768693060528
15.32178620951981
16.91454855146115
19.72572426624284
19.403149473275324
17.048533192692044
14.808209227653835
17.607602334862552
18.11064393822255
14.816564093393957
20.735969579014835
17.44819957554633
19.022286566239078
13.403440717832911
15.362928246640704
11.634495801776556
16.962940092772715
18.577785202415956
26.800713952323097
13.3299251373342
15.73848634199198
15.089943094200537
20.98433625154944
17.179651139604463
23.533522392550026
14.630054684887092
15.62744518722784
20.774442386430064
13.680998928460493
23.927785847741543
13.734969415840505
17.433819409307045
16.80185364538726
22.504333190364505
13.37965186065495
14.301284612007764
13.941224176088406
13.374654969616186
10.962825412691927
17.375511142211188
25.664663651768617
15.019019241027435
13.750825616050605
16.731586663560236
13.759872675129467
16.27778573416135
17.360547932076216
24.691096394646284
13.817323789359369
13.646789893480344
19.90481833331667
16.26231957156644
12.833386372805347
13.65970004255396
18.692902673573492
9.98870860714649
13.924546512655912
14.163689975947145
17.369192761658358
26.105385166542625
12.28958824029957
17.34773670419186
12.513466998643496
14.073794093951479
16.623923314363154
13.83278876490761
16.050127754288045
14.043182723987416
15.503996621484955
20.47177365868605
13.291966597474238
26.580828361372856
14.00832310646282
14.364936205667554
11.75319068836207
13.711302003411097
14.32917013753521
20.09117054091096
16.685966771716025
14.456059749825556
26.941399606343204
15.616203457640152
22.165839656055603
